PARÁMETROS Y ERRORES RESULTANTES DE LA REGRESIÓN:

R2: 0.7740964040811923
Intercept: 89.80585653665692
Weights: [-4.61373969  0.12753115  0.45162687]
MAE: 3.3556156947247815
MSE: 19.247515563780496
